lab;bhead;bbody;snout;ped;gum;uni;pue;nig;ind;tan;chl;gut;abe;may;gem;flo;ran;combo_spec
28366gumboc;1;0;1;0;1;0;0;0;0;0;0;0;0;0;0;0;0;0
28377uniboc;1;0;1;1;0;1;0;0;0;0;0;0;0;0;0;0;0;0
28383uniboc;1;0;1;1;0;1;0;0;0;0;0;0;0;0;0;0;0;0
28384pueboc;1;1;0;0;0;0;1;0;0;0;0;0;0;0;0;0;0;1
28385nigboc;0;0;0;0;0;0;0;1;0;0;0;0;0;0;0;0;0;0
28386nigboc;0;0;0;0;0;0;0;1;0;0;0;0;0;0;0;0;0;0
28387nigboc;0;0;0;0;0;0;0;1;0;0;0;0;0;0;0;0;0;0
28388uniboc;1;0;1;1;0;1;0;0;0;0;0;0;0;0;0;0;0;0
28389abeboc;1;0;0;0;0;0;0;0;0;0;0;0;1;0;0;0;0;0
28390nigboc;1;0;0;0;0;0;0;1;0;0;0;0;0;0;0;0;0;0
28391uniboc;1;0;1;1;0;1;0;0;0;0;0;0;0;0;0;0;0;0
28392uniboc;1;0;1;1;0;1;0;0;0;0;0;0;0;0;0;0;0;0
28394nigboc;0;0;0;0;0;0;0;1;0;0;0;0;0;0;0;0;0;0
28399nigboc;0;0;0;0;0;0;0;1;0;0;0;0;0;0;0;0;0;0
AG9RX_46nigboc;0;0;0;0;0;0;0;1;0;0;0;0;0;0;0;0;0;0
AG9RX_48pueboc;1;1;0;0;0;0;1;0;0;0;0;0;0;0;0;0;0;1
AG9RX_49nigboc;0;0;0;0;0;0;0;1;0;0;0;0;0;0;0;0;0;0
AG9RX_50nigboc;0;0;0;0;0;0;0;1;0;0;0;0;0;0;0;0;0;0
AG9RX_51pueboc;1;1;0;0;0;0;1;0;0;0;0;0;0;0;0;0;0;1
AG9RX_53pueboc;1;1;0;0;0;0;1;0;0;0;0;0;0;0;0;0;0;1
PL17_01uniboc;1;0;1;1;0;1;0;0;0;0;0;0;0;0;0;0;0;0
PL17_02pueboc;1;1;0;0;0;0;1;0;0;0;0;0;0;0;0;0;0;1
PL17_04pueboc;1;1;0;0;0;0;1;0;0;0;0;0;0;0;0;0;0;1
PL17_05pueboc;1;1;0;0;0;0;1;0;0;0;0;0;0;0;0;0;0;1
PL17_100indbel;1;1;0;0;0;0;0;0;1;0;0;0;0;0;0;0;0;0
PL17_103puebel;1;1;0;0;0;0;1;0;0;0;0;0;0;0;0;0;0;1
PL17_104nigbel;0;0;0;0;0;0;0;1;0;0;0;0;0;0;0;0;0;0
PL17_105puebel;1;1;0;0;0;0;1;0;0;0;0;0;0;0;0;0;0;1
PL17_106nigbel;0;0;0;0;0;0;0;1;0;0;0;0;0;0;0;0;0;0
PL17_107puebel;1;1;0;0;0;0;1;0;0;0;0;0;0;0;0;0;0;1
PL17_109puebel;1;1;0;0;0;0;1;0;0;0;0;0;0;0;0;0;0;1
PL17_110puebel;1;1;0;0;0;0;1;0;0;0;0;0;0;0;0;0;0;1
PL17_112nigbel;0;0;0;0;0;0;0;1;0;0;0;0;0;0;0;0;0;0
PL17_117puebel;1;1;0;0;0;0;1;0;0;0;0;0;0;0;0;0;0;1
PL17_119maybel;0;0;0;0;0;0;0;0;0;0;0;0;0;1;0;0;0;0
PL17_120maybel;0;0;0;0;0;0;0;0;0;0;0;0;0;1;0;0;0;0
PL17_121maybel;0;0;0;0;0;0;0;0;0;0;0;0;0;1;0;0;0;0
PL17_122maybel;0;0;0;0;0;0;0;0;0;0;0;0;0;1;0;0;0;0
PL17_123maybel;0;0;0;0;0;0;0;0;0;0;0;0;0;1;0;0;0;0
PL17_124maybel;0;0;0;0;0;0;0;0;0;0;0;0;0;1;0;0;0;0
PL17_125ranbel;0;0;1;0;0;0;0;0;0;0;0;0;0;0;0;0;1;0
PL17_126maybel;0;0;0;0;0;0;0;0;0;0;0;0;0;1;0;0;0;0
PL17_127indbel;1;1;0;0;0;0;0;0;1;0;0;0;0;0;0;0;0;1
PL17_128indbel;1;1;0;0;0;0;0;0;1;0;0;0;0;0;0;0;0;1
PL17_132indbel;1;1;0;0;0;0;0;0;1;0;0;0;0;0;0;0;0;1
PL17_87nigbel;0;0;0;0;0;0;0;1;0;0;0;0;0;0;0;0;0;0
PL17_88abebel;0;0;0;0;0;0;0;0;0;0;0;0;1;0;0;0;0;0
PL17_89maybel;0;0;0;0;0;0;0;0;0;0;0;0;0;1;0;0;0;0
PL17_90puebel;1;1;0;0;0;0;1;0;0;0;0;0;0;0;0;0;0;1
PL17_91nigbel;0;0;0;0;0;0;0;1;0;0;0;0;0;0;0;0;0;0
PL17_93nigbel;0;0;0;0;0;0;0;1;0;0;0;0;0;0;0;0;0;0
PL17_94puebel;1;1;0;0;0;0;1;0;0;0;0;0;0;0;0;0;0;1
PL17_95maybel;0;0;0;0;0;0;0;0;0;0;0;0;0;1;0;0;0;0
PL17_96nigbel;0;0;0;0;0;0;0;1;0;0;0;0;0;0;0;0;0;0
PL17_97indbel;1;1;0;0;0;0;0;0;1;0;0;0;0;0;0;0;0;1
PL17_99indbel;1;1;0;0;0;0;0;0;1;0;0;0;0;0;0;0;0;1
