lab;bhead;bbody;snout;ped;gum;uni;pue;nig;ind;tan;chl;gut;abe;may;gem;flo;ran;combo_spec
28384pueboc;1;1;0;0;0;0;1;0;0;0;0;0;0;0;0;0;0;1
28385nigboc;0;0;0;0;0;0;0;1;0;0;0;0;0;0;0;0;0;0
28386nigboc;0;0;0;0;0;0;0;1;0;0;0;0;0;0;0;0;0;0
28387nigboc;0;0;0;0;0;0;0;1;0;0;0;0;0;0;0;0;0;0
28390nigboc;1;0;0;0;0;0;0;1;0;0;0;0;0;0;0;0;0;0
28394nigboc;0;0;0;0;0;0;0;1;0;0;0;0;0;0;0;0;0;0
28399nigboc;0;0;0;0;0;0;0;1;0;0;0;0;0;0;0;0;0;0
AG9RX_46nigboc;0;0;0;0;0;0;0;1;0;0;0;0;0;0;0;0;0;0
AG9RX_48pueboc;1;1;0;0;0;0;1;0;0;0;0;0;0;0;0;0;0;1
AG9RX_49nigboc;0;0;0;0;0;0;0;1;0;0;0;0;0;0;0;0;0;0
AG9RX_50nigboc;0;0;0;0;0;0;0;1;0;0;0;0;0;0;0;0;0;0
AG9RX_51pueboc;1;1;0;0;0;0;1;0;0;0;0;0;0;0;0;0;0;1
AG9RX_53pueboc;1;1;0;0;0;0;1;0;0;0;0;0;0;0;0;0;0;1
PL17_02pueboc;1;1;0;0;0;0;1;0;0;0;0;0;0;0;0;0;0;1
PL17_04pueboc;1;1;0;0;0;0;1;0;0;0;0;0;0;0;0;0;0;1
PL17_05pueboc;1;1;0;0;0;0;1;0;0;0;0;0;0;0;0;0;0;1
PL17_103puebel;1;1;0;0;0;0;1;0;0;0;0;0;0;0;0;0;0;1
PL17_104nigbel;0;0;0;0;0;0;0;1;0;0;0;0;0;0;0;0;0;0
PL17_105puebel;1;1;0;0;0;0;1;0;0;0;0;0;0;0;0;0;0;1
PL17_106nigbel;0;0;0;0;0;0;0;1;0;0;0;0;0;0;0;0;0;0
PL17_107puebel;1;1;0;0;0;0;1;0;0;0;0;0;0;0;0;0;0;1
PL17_109puebel;1;1;0;0;0;0;1;0;0;0;0;0;0;0;0;0;0;1
PL17_110puebel;1;1;0;0;0;0;1;0;0;0;0;0;0;0;0;0;0;1
PL17_112nigbel;0;0;0;0;0;0;0;1;0;0;0;0;0;0;0;0;0;0
PL17_117puebel;1;1;0;0;0;0;1;0;0;0;0;0;0;0;0;0;0;1
PL17_139pueflo;1;1;0;0;0;0;1;0;0;0;0;0;0;0;0;0;0;1
PL17_149nigflo;0;0;0;0;0;0;0;1;0;0;0;0;0;0;0;0;0;0
PL17_155pueflo;1;1;0;0;0;0;1;0;0;0;0;0;0;0;0;0;0;1
PL17_157pueflo;1;1;0;0;0;0;1;0;0;0;0;0;0;0;0;0;0;1
PL17_159pueflo;1;1;0;0;0;0;1;0;0;0;0;0;0;0;0;0;0;1
PL17_23nigpue;0;0;0;0;0;0;0;1;0;0;0;0;0;0;0;0;0;0
PL17_50puepue;1;1;0;0;0;0;1;0;0;0;0;0;0;0;0;0;0;1
PL17_53puepue;0;1;0;0;0;0;1;0;0;0;0;0;0;0;0;0;0;1
PL17_54puepue;1;1;0;0;0;0;1;0;0;0;0;0;0;0;0;0;0;1
PL17_57puepue;1;1;0;0;0;0;1;0;0;0;0;0;0;0;0;0;0;1
PL17_60puepue;1;1;0;0;0;0;1;0;0;0;0;0;0;0;0;0;0;1
PL17_65puepue;1;1;0;0;0;0;1;0;0;0;0;0;0;0;0;0;0;1
PL17_69puepue;1;1;0;0;0;0;1;0;0;0;0;0;0;0;0;0;0;1
PL17_82puepue;1;1;0;0;0;0;1;0;0;0;0;0;0;0;0;0;0;1
PL17_87nigbel;0;0;0;0;0;0;0;1;0;0;0;0;0;0;0;0;0;0
PL17_90puebel;1;1;0;0;0;0;1;0;0;0;0;0;0;0;0;0;0;1
PL17_91nigbel;0;0;0;0;0;0;0;1;0;0;0;0;0;0;0;0;0;0
PL17_93nigbel;0;0;0;0;0;0;0;1;0;0;0;0;0;0;0;0;0;0
PL17_94puebel;1;1;0;0;0;0;1;0;0;0;0;0;0;0;0;0;0;1
PL17_96nigbel;0;0;0;0;0;0;0;1;0;0;0;0;0;0;0;0;0;0
