id;label;date;spec;geo;bars_head;bars_body;snout;peduncle;H.gummiguta;H.unicolor;H.puella;H.nigricans;H.indigo;Tan.hamlet;H.chlorurus;H.guttavarius;H.aberrans;H.maya;H.gemma;H.floridae
28366;28366gumboc;2017-02-04;gum;boc;1;0;1;0;1;0;0;0;0;0;0;0;0;0;0;0
28377;28377uniboc;2017-02-05;uni;boc;1;0;1;1;0;1;0;0;0;0;0;0;0;0;0;0
28384;28384pueboc;2017-02-06;pue;boc;1;1;0;0;0;0;1;0;0;0;0;0;0;0;0;0
28386;28386nigboc;2017-02-06;nig;boc;0;0;0;0;0;0;0;1;0;0;0;0;0;0;0;0
28387;28387nigboc;2017-02-06;nig;boc;0;1;0;0;0;0;0;1;0;0;0;0;0;0;0;0
28388;28388uniboc;2017-02-06;uni;boc;1;0;1;1;0;1;0;0;0;0;0;0;0;0;0;0
28390;28390nigboc;2017-02-06;nig;boc;0;0;0;0;0;0;0;1;0;0;0;0;0;0;0;0
28391;28391uniboc;2017-02-07;uni;boc;1;0;1;1;0;1;0;0;0;0;0;0;0;0;0;0
28392;28392uniboc;2017-02-07;uni;boc;1;1;1;1;0;1;0;0;0;0;0;0;0;0;0;0
28394;28394nigboc;2017-02-07;nig;boc;0;0;0;0;0;0;0;1;0;0;0;0;0;0;0;0
28399;28399nigboc;2z017-02-07;nig;boc;0;0;0;0;0;0;0;1;0;0;0;0;0;0;0;0
AG9RX_46;AG9RX_46nigboc;2017-02-06;nig;boc;0;0;0;0;0;0;0;1;0;0;0;0;0;0;0;0
AG9RX_47;AG9RX_47pueboc;2017-02-06;pue;boc;0;1;0;0;0;0;1;0;0;0;0;0;0;0;0;0
AG9RX_48;AG9RX_48pueboc;2017-02-07;pue;boc;1;1;0;0;0;0;1;0;0;0;0;0;0;0;0;0
AG9RX_49;AG9RX_49nigboc;2017-02-07;nig;boc;0;0;0;0;0;0;0;1;0;0;0;0;0;0;0;0
AG9RX_50;AG9RX_50nigboc;2017-02-07;nig;boc;0;0;0;0;0;0;0;1;0;0;0;0;0;0;0;0
AG9RX_51;AG9RX_51pueboc;2017-02-07;pue;boc;1;1;0;0;0;0;1;0;0;0;0;0;0;0;0;0
AG9RX_53;AG9RX_53pueboc;2017-02-07;pue;boc;1;1;0;1;0;0;1;0;0;0;0;0;0;0;0;0
PL17_01;PL17_01uniboc;2017-02-07;uni;boc;1;0;1;1;0;1;0;0;0;0;0;0;0;0;0;0
PL17_02;PL17_02pueboc;2017-02-07;pue;boc;1;1;0;0;0;0;1;0;0;0;0;0;0;0;0;0
PL17_04;PL17_04pueboc;2017-02-07;pue;boc;1;1;0;0;0;0;1;0;0;0;0;0;0;0;0;0
PL17_05;PL17_05pueboc;2017-02-07;pue;boc;1;1;0;0;0;0;1;0;0;0;0;0;0;0;0;0
PL17_103;PL17_103puebel;2017-10-04;pue;bel;1;1;0;0;0;0;1;0;0;0;0;0;0;0;0;0
PL17_100;PL17_100indbel;2017-09-04;ind;bel;0;1;0;0;0;0;0;0;1;0;0;0;0;0;0;0
PL17_104;PL17_104nigbel;2017-10-04;nig;bel;0;0;0;0;0;0;0;1;0;0;0;0;0;0;0;0
PL17_105;PL17_105puebel;2017-10-04;pue;bel;1;1;0;0;0;0;1;0;0;0;0;0;0;0;0;0
PL17_106;PL17_106nigbel;2017-10-04;nig;bel;0;0;0;0;0;0;0;1;0;0;0;0;0;0;0;0
PL17_107;PL17_107puebel;2017-10-04;pue;bel;1;1;0;0;0;0;1;0;0;0;0;0;0;0;0;0
PL17_108;PL17_108nigbel;2017-10-04;nig;bel;0;0;0;0;0;0;0;1;0;0;0;0;0;0;0;0
PL17_109;PL17_109puebel;2017-10-04;pue;bel;1;1;0;0;0;0;1;0;0;0;0;0;0;0;0;0
PL17_110;PL17_110puebel;2017-10-04;pue;bel;1;1;0;0;0;0;1;0;0;0;0;0;0;0;0;0
PL17_111;PL17_111indbel;2017-11-04;ind;bel;0;1;0;0;0;0;0;0;1;0;0;0;0;0;0;0
PL17_112;PL17_112nigbel;2017-11-04;nig;bel;0;0;0;0;0;0;0;1;0;0;0;0;0;0;0;0
PL17_125;PL17_125tanbel;2017-13-04;tan;bel;0;0;1;0;0;0;0;0;0;1;0;0;0;0;0;0
PL17_117;PL17_117puebel;2017-12-04;pue;bel;1;1;0;0;0;0;1;0;0;0;0;0;0;0;0;0
PL17_127;PL17_127indbel;2017-14-04;ind;bel;0;1;0;0;0;0;0;0;1;0;0;0;0;0;0;0
PL17_128;PL17_128indbel;2017-14-04;ind;bel;0;1;0;0;0;0;0;0;1;0;0;0;0;0;0;0
PL17_132;PL17_132indbel;2017-14-04;ind;bel;0;1;0;0;0;0;0;0;1;0;0;0;0;0;0;0
PL17_134;PL17_134uniflo;2017-05-07;uni;flo;1;0;0;1;0;1;0;0;0;0;0;0;0;0;0;0
PL17_135;PL17_135uniflo;2017-06-07;uni;flo;1;0;0;1;0;1;0;0;0;0;0;0;0;0;0;0
PL17_136;PL17_136uniflo;2017-06-07;uni;flo;1;0;0;1;0;1;0;0;0;0;0;0;0;0;0;0
PL17_137;PL17_137uniflo;2017-07-07;uni;flo;1;0;0;1;0;1;0;0;0;0;0;0;0;0;0;0
PL17_138;PL17_138uniflo;2017-07-07;uni;flo;1;0;0;1;0;1;0;0;0;0;0;0;0;0;0;0
PL17_139;PL17_139pueflo;2017-08-07;pue;flo;1;1;0;0;0;0;1;0;0;0;0;0;0;0;0;0
PL17_140;PL17_140uniflo;2017-08-07;uni;flo;1;0;0;1;0;1;0;0;0;0;0;0;0;0;0;0
PL17_141;PL17_141uniflo;2017-08-07;uni;flo;1;0;0;1;0;1;0;0;0;0;0;0;0;0;0;0
PL17_143;PL17_143uniflo;2017-09-07;uni;flo;1;0;0;1;0;1;0;0;0;0;0;0;0;0;0;0
PL17_149;PL17_149nigflo;2017-12-07;nig;flo;0;0;0;0;0;0;0;1;0;0;0;0;0;0;0;0
PL17_155;PL17_155pueflo;2017-14-07;pue;flo;1;1;0;0;0;0;1;0;0;0;0;0;0;0;0;0
PL17_157;PL17_157pueflo;2017-15-08;pue;flo;1;1;0;0;0;0;1;0;0;0;0;0;0;0;0;0
PL17_159;PL17_159pueflo;2017-16-08;pue;flo;1;1;0;0;0;0;1;0;0;0;0;0;0;0;0;0
PL17_23;PL17_23nigpue;2017-03-13;nig;pue;0;0;0;0;0;0;0;1;0;0;0;0;0;0;0;0
PL17_35;PL17_35puepue;2017-03-15;pue;pue;1;1;0;0;0;0;1;0;0;0;0;0;0;0;0;0
PL17_37;PL17_37chlpue;2017-03-15;chl;pue;0;0;0;0;0;0;0;0;0;0;1;0;0;0;0;0
PL17_38;PL17_38chlpue;2017-03-15;chl;pue;0;0;0;0;0;0;0;0;0;0;1;0;0;0;0;0
PL17_39;PL17_39chlpue;2017-03-15;chl;pue;0;0;0;0;0;0;0;0;0;0;1;0;0;0;0;0
PL17_40;PL17_40chlpue;2017-03-15;chl;pue;0;0;0;0;0;0;0;0;0;0;1;0;0;0;0;0
PL17_41;PL17_41chlpue;2017-03-15;chl;pue;0;0;0;0;0;0;0;0;0;0;1;0;0;0;0;0
PL17_42;PL17_42chlpue;2017-03-15;chl;pue;0;0;0;0;0;0;0;0;0;0;1;0;0;0;0;0
PL17_43;PL17_43chlpue;2017-03-15;chl;pue;0;0;0;0;0;0;0;0;0;0;1;0;0;0;0;0
PL17_44;PL17_44chlpue;2017-03-15;chl;pue;0;0;0;0;0;0;0;0;0;0;1;0;0;0;0;0
PL17_50;PL17_50puepue;2017-03-16;pue;pue;1;1;0;0;0;0;1;0;0;0;0;0;0;0;0;0
PL17_53;PL17_53puepue;2017-03-16;pue;pue;0;1;0;0;0;0;1;0;0;0;0;0;0;0;0;0
PL17_55;PL17_55unipue;2017-03-16;uni;pue;0;0;1;1;0;1;0;0;0;0;0;0;0;0;0;0
PL17_54;PL17_54puepue;2017-03-16;pue;pue;1;1;0;0;0;0;1;0;0;0;0;0;0;0;0;0
PL17_56;PL17_56tanpue;2017-03-17;tan;pue;0;0;0;0;0;0;0;0;0;1;0;0;0;0;0;0
PL17_57;PL17_57puepue;2017-03-17;pue;pue;0;1;0;0;0;0;1;0;0;0;0;0;0;0;0;0
PL17_60;PL17_60puepue;2017-03-17;pue;pue;1;1;0;0;0;0;1;0;0;0;0;0;0;0;0;0
PL17_62;PL17_62chlpue;2017-03-17;chl;pue;0;0;0;0;0;0;0;0;0;0;1;0;0;0;0;0
PL17_63;PL17_63unipue;2017-03-18;uni;pue;1;0;1;1;0;1;0;0;0;0;0;0;0;0;0;0
PL17_64;PL17_64indpue;2017-03-18;ind;pue;0;1;0;0;0;0;0;0;1;0;0;0;0;0;0;0
PL17_65;PL17_65puepue;2017-03-18;pue;pue;0;1;0;0;0;0;1;0;0;0;0;0;0;0;0;0
PL17_67;PL17_67unipue;2017-03-18;uni;pue;1;0;0;1;0;1;0;0;0;0;0;0;0;0;0;0
PL17_68;PL17_68gutpue;2017-03-20;gut;pue;0;0;0;0;0;0;0;0;0;0;0;1;0;0;0;0
PL17_69;PL17_69puepue;2017-03-21;pue;pue;0;1;0;0;0;0;1;0;0;0;0;0;0;0;0;0
PL17_70;PL17_70unipue;2017-03-21;uni;pue;1;0;1;1;0;1;0;0;0;0;0;0;0;0;0;0
PL17_71;PL17_71tanpue;2017-03-21;tan;pue;0;0;0;0;0;0;0;0;0;1;0;0;0;0;0;0
PL17_72;PL17_72tanpue;2017-03-21;tan;pue;0;0;0;0;0;0;0;0;0;1;0;0;0;0;0;0
PL17_73;PL17_73unipue;2017-03-21;uni;pue;1;0;0;1;0;1;0;0;0;0;0;0;0;0;0;0
PL17_74;PL17_74unipue;2017-03-21;uni;pue;1;0;0;1;0;1;0;0;0;0;0;0;0;0;0;0
PL17_93;PL17_93nigbel;2017-08-04;nig;bel;0;0;0;0;0;0;0;1;0;0;0;0;0;0;0;0
PL17_91;PL17_91nigbel;2017-08-04;nig;bel;0;0;0;0;0;0;0;1;0;0;0;0;0;0;0;0
PL17_90;PL17_90puebel;2017-08-04;pue;bel;1;1;0;0;0;0;1;0;0;0;0;0;0;0;0;0
PL17_88;PL17_88abebel;2017-07-04;abe;bel;0;0;0;0;0;0;0;0;0;0;0;0;1;0;0;0
PL17_86;PL17_86chlpue;2017-03-24;chl;pue;0;1;0;0;0;0;0;0;0;0;1;0;0;0;0;0
PL17_87;PL17_87nigbel;2017-05-04;nig;bel;0;0;0;0;0;0;0;1;0;0;0;0;0;0;0;0
PL17_75;PL17_75abepue;2017-03-22;abe;pue;0;0;0;0;0;0;0;0;0;0;0;0;1;0;0;0
PL17_76;PL17_76tanpue;2017-03-22;tan;pue;0;0;0;0;0;0;0;0;0;1;0;0;0;0;0;0
PL17_77;PL17_77unipue;2017-03-22;uni;pue;0;0;1;1;0;1;0;0;0;0;0;0;0;0;0;0
PL17_82;PL17_82puepue;2017-03-23;pue;pue;0;1;0;0;0;0;1;0;0;0;0;0;0;0;0;0
PL17_79;PL17_79abepue;2017-03-22;abe;pue;0;0;0;0;0;0;0;0;0;0;0;0;1;0;0;0
PL17_85;PL17_85indpue;2017-03-24;ind;pue;0;1;0;0;0;0;0;0;1;0;0;0;0;0;0;0
PL17_97;PL17_97indbel;2017-09-04;ind;bel;0;1;0;0;0;0;0;0;1;0;0;0;0;0;0;0
PL17_94;PL17_94puebel;2017-08-04;pue;bel;1;1;0;0;0;0;1;0;0;0;0;0;0;0;0;0
PL17_96;PL17_96nigbel;2017-09-04;nig;bel;0;0;0;0;0;0;0;1;0;0;0;0;0;0;0;0
PL17_98;PL17_98indbel;2017-09-04;ind;bel;0;1;0;0;0;0;0;0;1;0;0;0;0;0;0;0
PL17_99;PL17_99indbel;2017-09-04;ind;bel;0;1;0;0;0;0;0;0;1;0;0;0;0;0;0;0
28383;28383uniboc;2017-02-06;uni;boc;1;0;1;1;0;1;0;0;0;0;0;0;0;0;0;0
28385;28385nigboc;2017-02-06;nig;boc;0;0;0;0;0;0;0;1;0;0;0;0;0;0;0;0
28389;28389abeboc;2017-02-06;abe;boc;0;0;0;0;0;0;0;0;0;0;0;0;1;0;0;0
PL17_66;PL17_66unipue;2017-03-18;uni;pue;0;1;1;1;0;1;0;0;0;0;0;0;0;0;0;0
PL17_89;PL17_89maybel;2017-07-04;may;bel;0;0;0;0;0;0;0;0;0;0;0;0;0;1;0;0
PL17_95;PL17_95maybel;2017-08-04;may;bel;0;0;0;0;0;0;0;0;0;0;0;0;0;1;0;0
PL17_101;PL17_101maybel;2017-06-04;may;bel;0;0;0;0;0;0;0;0;0;0;0;0;0;1;0;0
PL17_119;PL17_119maybel;2017-13-04;may;bel;0;0;0;0;0;0;0;0;0;0;0;0;0;1;0;0
PL17_120;PL17_120maybel;2017-13-04;may;bel;0;0;0;0;0;0;0;0;0;0;0;0;0;1;0;0
PL17_121;PL17_121maybel;2017-13-04;may;bel;0;0;0;0;0;0;0;0;0;0;0;0;0;1;0;0
PL17_122;PL17_122maybel;2017-13-04;may;bel;0;0;0;0;0;0;0;0;0;0;0;0;0;1;0;0
PL17_123;PL17_123maybel;2017-13-04;may;bel;0;0;0;0;0;0;0;0;0;0;0;0;0;1;0;0
PL17_124;PL17_124maybel;2017-13-04;may;bel;0;0;0;0;0;0;0;0;0;0;0;0;0;1;0;0
PL17_126;PL17_126maybel;2017-13-04;may;bel;0;0;0;0;0;0;0;0;0;0;0;0;0;1;0;0
PL17_142;PL17_142gemflo;2017-08-07;gem;flo;0;0;0;0;0;0;0;0;0;0;0;0;0;0;1;0
PL17_144;PL17_144gemflo;2017-09-07;gem;flo;0;0;0;0;0;0;0;0;0;0;0;0;0;0;1;0
PL17_145;PL17_145gemflo;2017-09-07;gem;flo;0;0;0;0;0;0;0;0;0;0;0;0;0;0;1;0
PL17_148;PL17_148gemflo;2017-11-07;gem;flo;0;0;0;0;0;0;0;0;0;0;0;0;0;0;1;0
PL17_153;PL17_153gemflo;2017-13-07;gem;flo;0;0;0;0;0;0;0;0;0;0;0;0;0;0;1;0
PL17_160;PL17_160floflo;NA;flo;flo;1;1;0;0;0;0;0;0;0;0;0;0;0;0;0;1
