CHROM POS LOG_P WEIGHTS RUN RANGE GSTART MID_POS BIN_START BIN_END ID
LG04 11599216 18.5741 0.9714,-0.02324,-0.1296,0.1976,0.0008654 PC1_5 LG04_11599216 80714287 11599216 11599216 11599216 LG04_1
LG04 11600603 17.2213 -0.9209,0.1397,0.0558,-0.3571,0.04202 PC1_5 LG04_11600603 80714287 11600603 11600603 11600603 LG04_1
LG04 11606717 18.6284 -0.9596,-0.01867,0.1235,-0.2157,0.1307 PC1_5 LG04_11606717 80714287 11606717 11606717 11606717 LG04_1
LG04 11608722 17.4819 -0.9432,-0.02632,0.1271,-0.2849,0.111 PC1_5 LG04_11608722 80714287 11608722 11608722 11608722 LG04_1
LG04 11623500 17.4957 -0.9272,0.001316,0.1072,-0.3282,0.1452 PC1_5 LG04_11623500 80714287 11623500 11623500 11623500 LG04_1
LG09 17599552 21.466 0.8347,0.2197,-0.4328,-0.2215,0.1368 PC1_5 LG09_17599552 201938353 17599552 17599552 17599552 LG09_1
LG09 17606994 21.466 0.8347,0.2197,-0.4328,-0.2215,0.1368 PC1_5 LG09_17606994 201938353 17606994 17606994 17606994 LG09_1
LG09 17608601 21.466 0.8347,0.2197,-0.4328,-0.2215,0.1368 PC1_5 LG09_17608601 201938353 17608601 17608601 17608601 LG09_1
LG09 17913061 22.5561 0.8462,0.2372,-0.3817,-0.245,0.1484 PC1_5 LG09_17913061 201938353 17913061 17913061 17913061 LG09_1
LG09 17916920 21.5075 0.8197,0.256,-0.4388,-0.2322,0.1267 PC1_5 LG09_17916920 201938353 17916920 17916920 17916920 LG09_1
LG09 21038137 18.007 -0.9061,0.2232,-0.01081,-0.359,0.01261 PC1_5 LG09_21038137 201938353 21038137 21038137 21038137 LG09_2
LG09 21038486 17.4191 -0.8971,0.2474,-0.01267,-0.3655,0.01586 PC1_5 LG09_21038486 201938353 21038486 21038486 21038486 LG09_2
LG09 21038593 18.007 -0.9061,0.2232,-0.01081,-0.359,0.01261 PC1_5 LG09_21038593 201938353 21038593 21038593 21038593 LG09_2
LG09 21038748 18.007 -0.9061,0.2232,-0.01081,-0.359,0.01261 PC1_5 LG09_21038748 201938353 21038748 21038748 21038748 LG09_2
LG09 21039468 17.817 -0.8938,0.2483,-0.02683,-0.3725,0.006201 PC1_5 LG09_21039468 201938353 21039468 21039468 21039468 LG09_2
LG12 15168217 21.1827 0.8593,0.2034,-0.4078,-0.176,0.1513 PC1_5 LG12_15168217 272322421 15168217 15168217 15168217 LG12_1
LG12 15198629 21.1827 0.8593,0.2034,-0.4078,-0.176,0.1513 PC1_5 LG12_15198629 272322421 15198629 15198629 15198629 LG12_1
LG12 15204022 21.1827 0.8593,0.2034,-0.4078,-0.176,0.1513 PC1_5 LG12_15204022 272322421 15204022 15204022 15204022 LG12_1
LG12 15205858 21.1827 0.8593,0.2034,-0.4078,-0.176,0.1513 PC1_5 LG12_15205858 272322421 15205858 15205858 15205858 LG12_1
LG12 15214866 21.1827 0.8593,0.2034,-0.4078,-0.176,0.1513 PC1_5 LG12_15214866 272322421 15214866 15214866 15214866 LG12_1
LG12 20184747 12.2076 0.5278,-0.4318,0.3536,-0.2009,-0.6079 PC1_5 LG12_20184747 272322421 20184747 20184747 20184747 LG12_2
LG12 20184748 12.2076 0.5278,-0.4318,0.3536,-0.2009,-0.6079 PC1_5 LG12_20184748 272322421 20184748 20184748 20184748 LG12_2
LG12 20192275 12.2076 0.5278,-0.4318,0.3536,-0.2009,-0.6079 PC1_5 LG12_20192275 272322421 20192275 20192275 20192275 LG12_2
LG12 20193464 12.2076 0.5278,-0.4318,0.3536,-0.2009,-0.6079 PC1_5 LG12_20193464 272322421 20193464 20193464 20193464 LG12_2
LG12 20291509 12.2324 -0.5563,0.434,-0.3708,0.1559,0.5834 PC1_5 LG12_20291509 272322421 20291509 20291509 20291509 LG12_2
LG12 22222868 18.7442 0.6763,-0.02966,-0.1813,0.6855,0.1972 PC1_5 LG12_22222868 272322421 22222868 22222868 22222868 LG12_3
LG12 22228863 19.3038 0.7004,-0.08992,-0.1956,0.6504,0.2003 PC1_5 LG12_22228863 272322421 22228863 22228863 22228863 LG12_3
LG12 22229292 18.7416 0.6817,-0.09162,-0.1796,0.6637,0.2326 PC1_5 LG12_22229292 272322421 22229292 22229292 22229292 LG12_3
LG12 22229616 18.5607 0.5113,-0.02666,-0.3164,0.7141,0.3575 PC1_5 LG12_22229616 272322421 22229616 22229616 22229616 LG12_3
LG12 22232605 18.2238 0.4769,-0.01075,-0.3326,0.7053,0.4055 PC1_5 LG12_22232605 272322421 22232605 22232605 22232605 LG12_3
LG23 15483487 17.3847 0.7186,-0.0389,0.3033,0.6244,0.01355 PC1_5 LG23_15483487 527384332 15483487 15483487 15483487 LG23_1
LG23 15483750 17.919 -0.7724,0.02894,-0.295,-0.5617,0.003943 PC1_5 LG23_15483750 527384332 15483750 15483750 15483750 LG23_1
LG23 15483870 17.372 -0.7243,0.03959,-0.3168,-0.6111,0.008686 PC1_5 LG23_15483870 527384332 15483870 15483870 15483870 LG23_1
LG23 15483923 17.372 -0.7243,0.03959,-0.3168,-0.6111,0.008686 PC1_5 LG23_15483923 527384332 15483923 15483923 15483923 LG23_1
LG23 15483954 17.372 -0.7243,0.03959,-0.3168,-0.6111,0.008686 PC1_5 LG23_15483954 527384332 15483954 15483954 15483954 LG23_1
