CHROM POS LOG_P WEIGHTS RUN RANGE GSTART MID_POS BIN_START BIN_END ID
LG01 54905 11.0906 -0.5724,0.4647,0.6099,0.2522,0.1445 PC1_5 LG01_54905 0 54905 54905 54905 LG01_0
LG01 13345963 11.7883 0.6582,-0.5648,-0.4854,-0.05172,0.09719 PC1_5 LG01_13345963 0 13345963 13345963 13345963 LG01_1
LG01 13474589 11.3363 0.6261,-0.5475,-0.5514,0.000903,0.06493 PC1_5 LG01_13474589 0 13474589 13474589 13474589 LG01_2
LG01 13729113 16.3399 -0.6768,0.5423,0.4809,0.1281,0.008676 PC1_5 LG01_13729113 0 13729113 13729113 13729113 LG01_3
LG01 23087148 7.2887 0.6285,-0.5356,-0.4925,-0.2734,0.02988 PC1_5 LG01_23087148 0 23087148 23087148 23087148 LG01_4
LG01 25888141 6.46547 -0.3357,-0.1218,-0.4849,-0.5206,0.6052 PC1_5 LG01_25888141 0 25888141 25888141 25888141 LG01_5
LG02 13453060 7.3495 0.8132,-0.4642,-0.3381,-0.09322,0.0141 PC1_5 LG02_13453060 25890264 13453060 13453060 13453060 LG02_1
LG02 14363637 6.46547 -0.3357,-0.1218,-0.4849,-0.5206,0.6052 PC1_5 LG02_14363637 25890264 14363637 14363637 14363637 LG02_2
LG03 2138406 6.46547 -0.3357,-0.1218,-0.4849,-0.5206,0.6052 PC1_5 LG03_2138406 57592264 2138406 2138406 2138406 LG03_1
LG04 9203025 7.61547 0.2292,-0.006259,0.6921,-0.6622,0.1729 PC1_5 LG04_9203025 80714287 9203025 9203025 9203025 LG04_1
LG04 9903433 19.4492 -0.6253,0.5059,0.5508,0.2058,0.08552 PC1_5 LG04_9903433 80714287 9903433 9903433 9903433 LG04_2
LG05 6386351 16.3372 -0.6693,0.5041,0.5062,0.04936,0.1982 PC1_5 LG05_6386351 105714998 6386351 6386351 6386351 LG05_1
LG05 7634658 8.52564 0.3667,0.7037,-0.3228,0.4116,0.311 PC1_5 LG05_7634658 105714998 7634658 7634658 7634658 LG05_2
LG06 11425610 11.7174 -0.6315,0.4937,0.5673,-0.03759,0.1849 PC1_5 LG06_11425610 126627023 11425610 11425610 11425610 LG06_1
LG06 11637483 8.00762 -0.6409,0.5033,0.5347,-0.01869,0.2231 PC1_5 LG06_11637483 126627023 11637483 11637483 11637483 LG06_2
LG07 9296785 7.98005 -0.4646,-0.115,-0.443,-0.3706,0.6613 PC1_5 LG07_9296785 150837100 9296785 9296785 9296785 LG07_1
LG07 10782488 6.46547 -0.3357,-0.1218,-0.4849,-0.5206,0.6052 PC1_5 LG07_10782488 150837100 10782488 10782488 10782488 LG07_2
LG07 10978148 6.50266 -0.5895,0.3904,0.5413,0.2221,0.3972 PC1_5 LG07_10978148 150837100 10978148 10978148 10978148 LG07_3
LG07 16901650 8.19037 -0.6111,0.4153,0.6001,0.1406,0.2725 PC1_5 LG07_16901650 150837100 16901650 16901650 16901650 LG07_4
LG08 3552866 9.57594 0.6532,-0.5637,-0.4931,-0.04692,0.1014 PC1_5 LG08_3552866 174937855 3552866 3552866 3552866 LG08_1
LG08 10180149 12.9311 -0.5805,0.4439,0.6571,0.181,0.03751 PC1_5 LG08_10180149 174937855 10180149 10180149 10180149 LG08_10
LG08 12238369 24.3907 -0.6567,0.5179,0.5263,0.1209,0.09406 PC1_5 LG08_12238369 174937855 12238369 12238369 12238369 LG08_11
LG08 12504485 12.5439 -0.6447,0.5284,0.5302,0.1164,0.1024 PC1_5 LG08_12504485 174937855 12504485 12504485 12504485 LG08_12
LG08 12892586 11.7582 -0.6584,0.5029,0.5312,0.1341,0.1158 PC1_5 LG08_12892586 174937855 12892586 12892586 12892586 LG08_13
LG08 13006327 6.46547 -0.3357,-0.1218,-0.4849,-0.5206,0.6052 PC1_5 LG08_13006327 174937855 13006327 13006327 13006327 LG08_14
LG08 14841525 16.6968 -0.6205,0.5141,0.586,0.07031,0.04772 PC1_5 LG08_14841525 174937855 14841525 14841525 14841525 LG08_15
LG08 14963341 21.8327 -0.6569,0.5447,0.5124,0.09383,0.0208 PC1_5 LG08_14963341 174937855 14963341 14963341 14963341 LG08_16
LG08 15098135 15.3999 -0.6301,0.5728,0.5224,0.04464,0.00748 PC1_5 LG08_15098135 174937855 15098135 15098135 15098135 LG08_17
LG08 15187584 12.553 -0.6184,0.536,0.5304,0.2091,0.07252 PC1_5 LG08_15187584 174937855 15187584 15187584 15187584 LG08_18
LG08 15409350 24.3907 -0.6567,0.5179,0.5263,0.1209,0.09406 PC1_5 LG08_15409350 174937855 15409350 15409350 15409350 LG08_19
LG08 5211426 14.6737 -0.5665,0.489,0.6343,0.1163,0.1551 PC1_5 LG08_5211426 174937855 5211426 5211426 5211426 LG08_2
LG08 16185290 7.61172 -0.5904,0.4108,0.6043,0.3415,0.02888 PC1_5 LG08_16185290 174937855 16185290 16185290 16185290 LG08_20
LG08 16553692 18.3273 -0.641,0.4944,0.55,0.1616,0.1265 PC1_5 LG08_16553692 174937855 16553692 16553692 16553692 LG08_21
LG08 16998507 22.5103 -0.6574,0.499,0.5407,0.1278,0.1008 PC1_5 LG08_16998507 174937855 16998507 16998507 16998507 LG08_22
LG08 22644681 7.98172 -0.5748,0.4251,0.5881,0.1465,0.3487 PC1_5 LG08_22644681 174937855 22644681 22644681 22644681 LG08_23
LG08 23140622 24.3907 -0.6567,0.5179,0.5263,0.1209,0.09406 PC1_5 LG08_23140622 174937855 23140622 23140622 23140622 LG08_24
LG08 7175074 21.6676 -0.6264,0.4809,0.555,0.2134,0.1512 PC1_5 LG08_7175074 174937855 7175074 7175074 7175074 LG08_3
LG08 7295953 9.58905 0.605,-0.5873,-0.5334,-0.06654,0.0009764 PC1_5 LG08_7295953 174937855 7295953 7295953 7295953 LG08_4
LG08 7660029 10.2945 0.6262,-0.5236,-0.5418,-0.1987,0.02454 PC1_5 LG08_7660029 174937855 7660029 7660029 7660029 LG08_5
LG08 7812080 19.4492 -0.6253,0.5059,0.5508,0.2058,0.08552 PC1_5 LG08_7812080 174937855 7812080 7812080 7812080 LG08_6
LG08 8884654 6.46547 -0.3357,-0.1218,-0.4849,-0.5206,0.6052 PC1_5 LG08_8884654 174937855 8884654 8884654 8884654 LG08_7
LG08 9626654 11.0105 -0.6418,0.4987,0.4734,0.3262,0.09458 PC1_5 LG08_9626654 174937855 9626654 9626654 9626654 LG08_8
LG08 10024830 10.4336 -0.596,0.423,0.6366,0.2453,0.02293 PC1_5 LG08_10024830 174937855 10024830 10024830 10024830 LG08_9
LG09 14250261 6.73565 -0.6637,0.5113,0.448,0.1692,0.2623 PC1_5 LG09_14250261 201938353 14250261 14250261 14250261 LG09_1
LG09 14351538 7.61172 -0.5904,0.4108,0.6043,0.3415,0.02888 PC1_5 LG09_14351538 201938353 14351538 14351538 14351538 LG09_2
LG09 14506088 10.8517 -0.3283,-0.02342,-0.8452,0.3983,0.1366 PC1_5 LG09_14506088 201938353 14506088 14506088 14506088 LG09_3
LG09 18107597 9.14636 0.6559,-0.4793,-0.4779,-0.3341,0.01283 PC1_5 LG09_18107597 201938353 18107597 18107597 18107597 LG09_4
LG10 14792342 18.3667 -0.6226,0.4982,0.574,0.1832,0.03428 PC1_5 LG10_14792342 229125134 14792342 14792342 14792342 LG10_1
LG10 14941241 19.4492 -0.6253,0.5059,0.5508,0.2058,0.08552 PC1_5 LG10_14941241 229125134 14941241 14941241 14941241 LG10_2
LG10 15431535 15.2852 0.6644,-0.5028,-0.574,-0.04452,0.1336 PC1_5 LG10_15431535 229125134 15431535 15431535 15431535 LG10_3
LG10 20848158 16.0319 -0.6617,0.5143,0.5183,0.1449,0.09024 PC1_5 LG10_20848158 229125134 20848158 20848158 20848158 LG10_4
LG11 15648098 6.46547 -0.3357,-0.1218,-0.4849,-0.5206,0.6052 PC1_5 LG11_15648098 251001523 15648098 15648098 15648098 LG11_1
LG12 1374658 9.40561 0.633,-0.5092,-0.576,-0.07819,0.0461 PC1_5 LG12_1374658 272322421 1374658 1374658 1374658 LG12_1
LG12 3523316 6.50266 -0.5895,0.3904,0.5413,0.2221,0.3972 PC1_5 LG12_3523316 272322421 3523316 3523316 3523316 LG12_2
LG12 3747905 14.2744 -0.6015,0.5028,0.5973,0.1023,0.1347 PC1_5 LG12_3747905 272322421 3747905 3747905 3747905 LG12_3
LG12 22228803 9.24512 0.8835,-0.3789,0.202,-0.1854,0.02567 PC1_5 LG12_22228803 272322421 22228803 22228803 22228803 LG12_4
LG13 3809507 8.15298 -0.5744,0.4779,0.5985,0.2657,0.1136 PC1_5 LG13_3809507 297828662 3809507 3809507 3809507 LG13_1
LG13 10852071 7.85699 -0.7155,0.3667,0.3513,0.08534,0.4721 PC1_5 LG13_10852071 297828662 10852071 10852071 10852071 LG13_2
LG13 11001664 6.97675 0.5824,-0.5056,-0.5959,-0.2237,0.007244 PC1_5 LG13_11001664 297828662 11001664 11001664 11001664 LG13_3
LG13 14128793 6.46547 -0.3357,-0.1218,-0.4849,-0.5206,0.6052 PC1_5 LG13_14128793 297828662 14128793 14128793 14128793 LG13_4
LG13 24130296 14.4144 -0.6759,0.5343,0.4882,0.001994,0.1388 PC1_5 LG13_24130296 297828662 24130296 24130296 24130296 LG13_5
LG14 1102364 6.46547 -0.3357,-0.1218,-0.4849,-0.5206,0.6052 PC1_5 LG14_1102364 324639396 1102364 1102364 1102364 LG14_1
LG15 3846340 6.46547 -0.3357,-0.1218,-0.4849,-0.5206,0.6052 PC1_5 LG15_3846340 346977674 3846340 3846340 3846340 LG15_1
LG15 5282841 7.21903 -0.5507,0.4976,0.5974,0.2689,0.1413 PC1_5 LG15_5282841 346977674 5282841 5282841 5282841 LG15_2
LG15 16296993 10.2945 0.6262,-0.5236,-0.5418,-0.1987,0.02454 PC1_5 LG15_16296993 346977674 16296993 16296993 16296993 LG15_3
LG16 2965415 6.46547 -0.3357,-0.1218,-0.4849,-0.5206,0.6052 PC1_5 LG16_2965415 368611287 2965415 2965415 2965415 LG16_1
LG16 3130185 7.33658 0.6612,-0.4994,-0.5389,-0.1299,0.07814 PC1_5 LG16_3130185 368611287 3130185 3130185 3130185 LG16_2
LG16 9565100 7.98005 -0.4646,-0.115,-0.443,-0.3706,0.6613 PC1_5 LG16_9565100 368611287 9565100 9565100 9565100 LG16_3
LG16 23126110 10.4336 -0.596,0.423,0.6366,0.2453,0.02293 PC1_5 LG16_23126110 368611287 23126110 23126110 23126110 LG16_4
LG17 14343232 11.058 0.7082,-0.5441,-0.446,-0.04178,0.04114 PC1_5 LG17_14343232 393346269 14343232 14343232 14343232 LG17_1
LG18 13120299 7.34429 -0.5625,-0.1473,-0.6931,-0.3275,0.2724 PC1_5 LG18_13120299 421775982 13120299 13120299 13120299 LG18_1
LG18 19616523 7.15958 0.6385,-0.5247,-0.5479,-0.05351,0.1185 PC1_5 LG18_19616523 421775982 19616523 19616523 19616523 LG18_2
LG19 20904909 10.0349 -0.6314,0.4815,0.5164,0.1424,0.2873 PC1_5 LG19_20904909 441549264 20904909 20904909 20904909 LG19_1
LG19 21332626 15.4843 -0.6552,0.5414,0.5076,0.1122,0.0855 PC1_5 LG19_21332626 441549264 21332626 21332626 21332626 LG19_2
LG19 21536405 13.8111 0.624,-0.498,-0.5993,-0.04397,0.03854 PC1_5 LG19_21536405 441549264 21536405 21536405 21536405 LG19_3
LG19 21678751 15.5264 0.6612,-0.5213,-0.5041,-0.1543,0.1148 PC1_5 LG19_21678751 441549264 21678751 21678751 21678751 LG19_4
LG20 13461175 7.98005 -0.4646,-0.115,-0.443,-0.3706,0.6613 PC1_5 LG20_13461175 468600583 13461175 13461175 13461175 LG20_1
LG20 13550422 10.331 -0.6446,0.4539,0.5869,-0.006357,0.1843 PC1_5 LG20_13550422 468600583 13550422 13550422 13550422 LG20_2
LG20 13696210 12.2314 -0.583,0.4408,0.5988,0.2498,0.2119 PC1_5 LG20_13696210 468600583 13696210 13696210 13696210 LG20_3
LG21 3437762 8.02136 0.2534,-0.05437,0.6069,-0.5821,0.475 PC1_5 LG21_3437762 493542614 3437762 3437762 3437762 LG21_1
LG21 6474521 9.96819 0.6633,-0.5423,-0.364,-0.113,0.3474 PC1_5 LG21_6474521 493542614 6474521 6474521 6474521 LG21_2
LG22 4036485 9.0475 -0.5833,0.4438,0.5762,0.3301,0.1475 PC1_5 LG22_4036485 513684798 4036485 4036485 4036485 LG22_1
LG22 10648665 11.068 -0.7548,0.3525,0.4737,-0.2843,0.02935 PC1_5 LG22_10648665 513684798 10648665 10648665 10648665 LG22_2
LG23 14216501 8.92959 -0.5492,0.4587,0.5844,0.2091,0.2303 PC1_5 LG23_14216501 527384332 14216501 14216501 14216501 LG23_1
LG23 14280314 8.18383 -0.5696,0.4606,0.588,0.2617,0.222 PC1_5 LG23_14280314 527384332 14280314 14280314 14280314 LG23_2
LG24 9512306 7.02319 0.2523,0.8637,-0.3936,-0.1247,0.1411 PC1_5 LG24_9512306 545146234 9512306 9512306 9512306 LG24_1
